
$orca_opt_file

$trust
    0.300000000000

$epredict
    0.000000000000

$ediffsc
  1000.000000000000

$ctyp
  3

$coordinates
 5 9
  -7.55890454   0.00000000   0.00000000  -5.61938412   0.00000000   0.00000000
  -7.55229049  -1.84919151   0.58893315
  -7.48937478  -0.06664073   0.02122384  -5.66063747   0.02682370  -0.00854285
  -7.58056689  -1.80937448   0.57625217
  -7.45187792  -0.10231488   0.03258539  -5.64750164   0.07511727  -0.02392345
  -7.63119958  -1.82199389   0.58027121
  -7.44462961  -0.10904615   0.03472917  -5.63672466   0.09231594  -0.02940091
  -7.64922488  -1.83246130   0.58360489
  -7.44386553  -0.10982673   0.03497777  -5.63710421   0.09268661  -0.02951896
  -7.64960941  -1.83205139   0.58347434

# redundant internal coordinates
#  nbonds nangles ndihedrals nimpropers ncartesians
# bond  definitions A B
# angle definitions A B C
# dihedral definitions A B C D
# improper torsion definitions A B C D
# cartesian definitions A x/y/z
$redundant_internals
 2 1 0 0 0
   1   0   0
   2   0   0
   1   0   2   0   0
$energies
 5
 -76.2665507630333224
 -76.2750090765194244
 -76.2762468680249413
 -76.2763335781797025
 -76.2763340922448805

$gradients
 5 9
  -0.0627905720831483   0.0600892971185201  -0.0191024675253613   0.0455408589194349
  -0.0163344523798144   0.0051944304968245   0.0172497131652485  -0.0437548447387373
   0.0139080370285531
  -0.0142416102676759   0.0135795804110042  -0.0042355488702092   0.0028537755421274
  -0.0108964573005728   0.0034636521452233   0.0113878347267062  -0.0026831231103915
   0.0007718967250324
   0.0003811241779952  -0.0004290689248987   0.0002442866607128  -0.0034973960985207
  -0.0030353253801998   0.0009444474779641   0.0031162719221993   0.0034643943051246
  -0.0011887341386684
  -0.0005139286057870   0.0005953394717214  -0.0000811465159379   0.0005162942376979
  -0.0000650732984343  -0.0000075169848997  -0.0000023656337773  -0.0005302661732739
   0.0000886635007975
   0.0000181557681909   0.0000217931247525   0.0001019793461531   0.0000122437213956
  -0.0000332909300182  -0.0000177120944097  -0.0000303994917579   0.0000114978052103
  -0.0000842672517261

$redundant_coords
 5 3
   1.9395204175500762   1.9407202876339773   1.5673882858142951
   1.8313661040865978   1.8312545855304247   1.6742013211693501
   1.8139595299229261   1.8136735994155571   1.7726670995055134
   1.8202141884690435   1.8202427181971692   1.7997971729522912
   1.8192190538753237   1.8191307903658611   1.8012344162272291

$redundant_gradients
 5 3
   0.0455316502495157   0.0459798058904047  -0.0332086917098995
   0.0022235236940450   0.0022340423239759  -0.0211359095479555
  -0.0038195870783610  -0.0039375829104690  -0.0050260177771113
   0.0004923568627313   0.0005425719997023  -0.0001608416526710
  -0.0000044463917412  -0.0000193260617799   0.0000061313767577

$hessian_approx
 9 9
                  0          1          2          3          4          5    
      0       0.429022  -0.031971   0.010374  -0.416943   0.014146  -0.004542
      1      -0.031971   0.409862  -0.130720   0.019603  -0.013354   0.004280
      2       0.010374  -0.130720   0.041692  -0.006390   0.004297  -0.001377
      3      -0.416943   0.019603  -0.006390   0.460462   0.038858  -0.012452
      4       0.014146  -0.013354   0.004297   0.038858   0.050548  -0.016206
      5      -0.004542   0.004280  -0.001377  -0.012452  -0.016206   0.005196
      6      -0.012078   0.012369  -0.003984  -0.043521  -0.053003   0.016994
      7       0.017824  -0.396508   0.126423  -0.058460  -0.037194   0.011926
      8      -0.005833   0.126439  -0.040313   0.018843   0.011908  -0.003819
                   6          7          8    
      0      -0.012078   0.017824  -0.005833
      1       0.012369  -0.396508   0.126439
      2      -0.003984   0.126423  -0.040313
      3      -0.043521  -0.058460   0.018843
      4      -0.053003  -0.037194   0.011908
      5       0.016994   0.011926  -0.003819
      6       0.055599   0.040633  -0.013009
      7       0.040633   0.433704  -0.138348
      8      -0.013009  -0.138348   0.044131

$bmatrix
 3 9
                  0          1          2          3          4          5    
      0      -0.993152  -0.111319   0.035453   0.993152   0.111319  -0.035453
      1       0.113100   0.946729  -0.301516   0.000000   0.000000   0.000000
      2       0.610405  -0.579419   0.184534  -0.064219   0.520178  -0.165667
                   6          7          8    
      0       0.000000   0.000000   0.000000
      1      -0.113100  -0.946729   0.301516
      2      -0.546186   0.059241  -0.018867

