
$orca_opt_file

$trust
    0.300000000000

$epredict
    0.000000000000

$ediffsc
  1000.000000000000

$ctyp
  3

$coordinates
 5 9
  -7.55890454   0.00000000   0.00000000  -5.61938412   0.00000000   0.00000000
  -7.55229049  -1.84919151   0.58893315
  -7.48683391  -0.06907312   0.02199851  -5.65116201   0.03831128  -0.01220143
  -7.59258322  -1.81842967   0.57913608
  -7.43896193  -0.11458721   0.03649390  -5.63998942   0.09461172  -0.03013207
  -7.65162780  -1.82921602   0.58257133
  -7.43254612  -0.12053962   0.03838963  -5.62846215   0.11173362  -0.03558508
  -7.66957087  -1.84038551   0.58612860
  -7.43184725  -0.12124383   0.03861391  -5.62862874   0.11224494  -0.03574793
  -7.67010315  -1.84019262   0.58606717

# redundant internal coordinates
#  nbonds nangles ndihedrals nimpropers ncartesians
# bond  definitions A B
# angle definitions A B C
# dihedral definitions A B C D
# improper torsion definitions A B C D
# cartesian definitions A x/y/z
$redundant_internals
 2 1 0 0 0
   1   0   0
   2   0   0
   1   0   2   0   0
$energies
 5
 -76.4153431344072231
 -76.4241362892230285
 -76.4258127147204078
 -76.4259124265746550
 -76.4259127471608934

$gradients
 5 9
  -0.0619428130051858   0.0593203997428010  -0.0188068029643499   0.0422439672085053
  -0.0186724777640777   0.0059466084275235   0.0196988457943290  -0.0406479219787901
   0.0128601945368085
  -0.0180586181638533   0.0171800613265882  -0.0053870029170846   0.0057197982495925
  -0.0117730076120435   0.0037524741890616   0.0123388199105032  -0.0054070537144742
   0.0016345287280216
   0.0012649631663905  -0.0012849658713364   0.0004957271331345  -0.0044546871071815
  -0.0030820883916056   0.0009768463797985   0.0031897239353560   0.0043670542626138
  -0.0014725735129549
  -0.0003797885292067   0.0004394822271611  -0.0000533099758521   0.0003419892537556
  -0.0000776537070616   0.0000181090738310   0.0000377992741042  -0.0003618285202702
   0.0000352009021238
  -0.0000023306156262   0.0000315473339175   0.0000765322852683   0.0000201595918122
  -0.0000200909536150  -0.0000001815626057  -0.0000178289789985  -0.0000114563803044
  -0.0000763507226670

$redundant_coords
 5 3
   1.9395204175500762   1.9407202876339773   1.5673882858142951
   1.8391281528448933   1.8389762233863571   1.6896493752922739
   1.8123204249821177   1.8120097316118586   1.8098746830677532
   1.8204785363372984   1.8204583561891745   1.8356745964595638
   1.8197922040029779   1.8196856660134764   1.8371711536423665

$redundant_gradients
 5 3
   0.0422362068759780   0.0427083325014283  -0.0379778168189994
   0.0049420862018350   0.0049389827246263  -0.0232888719054002
  -0.0048229627497480  -0.0049410994450191  -0.0047991318653199
   0.0003195590677124   0.0003562076846212  -0.0001896217001579
   0.0000086868894028  -0.0000010943404181  -0.0000021367249962

$hessian_approx
 9 9
                  0          1          2          3          4          5    
      0       0.411482  -0.014556   0.004597  -0.402977   0.010998  -0.003473
      1      -0.014556   0.392509  -0.124964   0.004735  -0.011194   0.003529
      2       0.004597  -0.124964   0.039785  -0.001471   0.003563  -0.001122
      3      -0.402977   0.004735  -0.001471   0.449403   0.041671  -0.013329
      4       0.010998  -0.011194   0.003563   0.041671   0.050526  -0.016118
      5      -0.003473   0.003529  -0.001122  -0.013329  -0.016118   0.005142
      6      -0.008506   0.009821  -0.003125  -0.046426  -0.052668   0.016803
      7       0.003557  -0.381315   0.121402  -0.046403  -0.039330   0.012589
      8      -0.001124   0.121435  -0.038661   0.014801   0.012556  -0.004020
                   6          7          8    
      0      -0.008506   0.003557  -0.001124
      1       0.009821  -0.381315   0.121435
      2      -0.003125   0.121402  -0.038661
      3      -0.046426  -0.046403   0.014801
      4      -0.052668  -0.039330   0.012556
      5       0.016803   0.012589  -0.004020
      6       0.054931   0.042847  -0.013676
      7       0.042847   0.420646  -0.133991
      8      -0.013676  -0.133991   0.042681

$bmatrix
 3 9
                  0          1          2          3          4          5    
      0      -0.990893  -0.128305   0.040863   0.990893   0.128305  -0.040863
      1       0.130932   0.944641  -0.300850   0.000000   0.000000   0.000000
      2       0.618809  -0.587392   0.187073  -0.073995   0.518831  -0.165238
                   6          7          8    
      0       0.000000   0.000000   0.000000
      1      -0.130932  -0.944641   0.300850
      2      -0.544815   0.068560  -0.021835

