
$orca_opt_file

$trust
    0.300000000000

$epredict
    0.000000000000

$ediffsc
  1000.000000000000

$ctyp
  3

$coordinates
 5 9
  -7.55890454   0.00000000   0.00000000  -5.61938412   0.00000000   0.00000000
  -7.55229049  -1.84919151   0.58893315
  -7.48928279  -0.06669642   0.02124157  -5.65659511   0.03077880  -0.00980248
  -7.58470124  -1.81327389   0.57749406
  -7.44367248  -0.11003913   0.03504542  -5.64469768   0.08561870  -0.02726796
  -7.64220899  -1.82477108   0.58115570
  -7.43608171  -0.11715404   0.03731139  -5.63203676   0.10495075  -0.03342486
  -7.66246068  -1.83698822   0.58504663
  -7.43538393  -0.11784700   0.03753208  -5.63217808   0.10548389  -0.03359466
  -7.66301713  -1.83682839   0.58499573

# redundant internal coordinates
#  nbonds nangles ndihedrals nimpropers ncartesians
# bond  definitions A B
# angle definitions A B C
# dihedral definitions A B C D
# improper torsion definitions A B C D
# cartesian definitions A x/y/z
$redundant_internals
 2 1 0 0 0
   1   0   0
   2   0   0
   1   0   2   0   0
$energies
 5
 -76.3028264531458262
 -76.3113204359211466
 -76.3129311227657041
 -76.3130557514062247
 -76.3130561180956448

$gradients
 5 9
  -0.0616586240520767   0.0589626919670363  -0.0187786143435862   0.0437247452882952
  -0.0169553896497844   0.0053999776045195   0.0179338787613118  -0.0420073023173271
   0.0133786367390746
  -0.0169283774525240   0.0160476524601063  -0.0051108795938961   0.0045813195330249
  -0.0117471598856654   0.0037412522749785   0.0123470579161167  -0.0043004925745445
   0.0013696273189631
   0.0012380727111903  -0.0012601238210812   0.0004013258570432  -0.0048056237332856
  -0.0034079760831408   0.0010853771084933   0.0035675510204426   0.0046680999041961
  -0.0014867029655166
  -0.0003827261662148   0.0003919907003973  -0.0001248418798432   0.0003209090017902
  -0.0000609545220983   0.0000194129003953   0.0000618171649235  -0.0003310361782383
   0.0001054289795034
  -0.0000029957965300  -0.0000062866441177   0.0000020021013504   0.0000028872613229
   0.0000009243565804  -0.0000002943799615   0.0000001085366617   0.0000053622875198
  -0.0000017077213962

$redundant_coords
 5 3
   1.9395204175500762   1.9407202876339773   1.5673882858142951
   1.8355405987493556   1.8354984038805497   1.6785662263280563
   1.8106560303852102   1.8105134188682446   1.7943263567668131
   1.8190416021061289   1.8190906887033722   1.8240620221892736
   1.8183748370017432   1.8183592411612362   1.8255686267382025

$redundant_gradients
 5 3
   0.0437247470744901   0.0441471560365303  -0.0345128447278000
   0.0038870984824199   0.0038653616727915  -0.0230630166361127
  -0.0051802365887158  -0.0052607911665012  -0.0054474912691273
   0.0003100677366762   0.0003370239124407  -0.0001902175599495
   0.0000029867213284  -0.0000055954685092   0.0000010788993009

$hessian_approx
 9 9
                  0          1          2          3          4          5    
      0       0.419626  -0.020672   0.006583  -0.410572   0.010817  -0.003445
      1      -0.020672   0.396066  -0.126140   0.010147  -0.011047   0.003518
      2       0.006583  -0.126140   0.040173  -0.003231   0.003518  -0.001121
      3      -0.410572   0.010147  -0.003231   0.456152   0.041585  -0.013244
      4       0.010817  -0.011047   0.003518   0.041585   0.050276  -0.016012
      5      -0.003445   0.003518  -0.001121  -0.013244  -0.016012   0.005101
      6      -0.009053   0.010526  -0.003352  -0.045579  -0.052402   0.016689
      7       0.009854  -0.385020   0.122622  -0.051730  -0.039229   0.012494
      8      -0.003139   0.122622  -0.039052   0.016475   0.012494  -0.003980
                   6          7          8    
      0      -0.009053   0.009854  -0.003139
      1       0.010526  -0.385020   0.122622
      2      -0.003352   0.122622  -0.039052
      3      -0.045579  -0.051730   0.016475
      4      -0.052402  -0.039229   0.012494
      5       0.016689   0.012494  -0.003980
      6       0.054632   0.041876  -0.013336
      7       0.041876   0.424249  -0.135115
      8      -0.013336  -0.135115   0.043031

$bmatrix
 3 9
                  0          1          2          3          4          5    
      0      -0.991658  -0.122819   0.039116   0.991658   0.122819  -0.039116
      1       0.125186   0.945348  -0.301076   0.000000   0.000000   0.000000
      2       0.616506  -0.585236   0.186387  -0.070886   0.519637  -0.165495
                   6          7          8    
      0       0.000000   0.000000   0.000000
      1      -0.125186  -0.945348   0.301076
      2      -0.545620   0.065599  -0.020892

