
$orca_hessian_file

$act_atom
  2

$act_coord
  2

$act_energy
      -76.313056

$hessian
9
                    0                  1                  2                  3                  4        
    0      5.6881172778E-01   1.1399871392E-01  -3.6314413328E-02  -5.1933690815E-01  -2.7912243758E-02
    1      1.1399871392E-01   5.1726958272E-01  -1.6466641361E-01  -8.7834695660E-02  -4.5395221588E-02
    2     -3.6314413328E-02  -1.6466641361E-01   5.2596398323E-02   2.7961028425E-02   1.4422844929E-02
    3     -5.1933690815E-01  -8.7834695660E-02   2.7961028425E-02   5.2903407778E-01   7.6188424871E-02
    4     -2.7912243758E-02  -4.5395221588E-02   1.4422844929E-02   7.6188424871E-02   5.4312752965E-02
    5      8.8840844398E-03   1.4414968007E-02  -4.6382008005E-03  -2.4258369631E-02  -1.7266802030E-02
    6     -4.9531811871E-02  -2.6233888598E-02   8.3756373276E-03  -9.6607764763E-03  -4.8230187672E-02
    7     -8.6160513260E-02  -4.7191361770E-01   1.5030248310E-01   1.1675550385E-02  -8.9041523486E-03
    8      2.7411563691E-02   1.5023029997E-01  -4.7983397773E-02  -3.6932284372E-03   2.8376502354E-03
                    5                  6                  7                  8        
     0      8.8840844398E-03  -4.9531811871E-02  -8.6160513260E-02   2.7411563691E-02
     1      1.4414968007E-02  -2.6233888598E-02  -4.7191361770E-01   1.5023029997E-01
     2     -4.6382008005E-03   8.3756373276E-03   1.5030248310E-01  -4.7983397773E-02
     3     -2.4258369631E-02  -9.6607764763E-03   1.1675550385E-02  -3.6932284372E-03
     4     -1.7266802030E-02  -4.8230187672E-02  -8.9041523486E-03   2.8376502354E-03
     5      5.5096419387E-03   1.5359637100E-02   2.8285753434E-03  -8.9748677834E-04
     6      1.5359637100E-02   5.9213187474E-02   7.4508839765E-02  -2.3725939592E-02
     7      2.8285753434E-03   7.4508839765E-02   4.8084364761E-01  -1.5310360594E-01
     8     -8.9748677834E-04  -2.3725939592E-02  -1.5310360594E-01   4.8932130445E-02

$vibrational_frequencies
9
    0        0.000000
    1        0.000000
    2        0.000000
    3        0.000000
    4        0.000000
    5        0.000000
    6     1613.483455
    7     3818.465088
    8     3945.545136

$normal_modes
9 9
                    0                  1                  2                  3                  4        
    0      0.0000000000E+00   0.0000000000E+00   0.0000000000E+00   0.0000000000E+00   0.0000000000E+00
    1      0.0000000000E+00   0.0000000000E+00   0.0000000000E+00   0.0000000000E+00   0.0000000000E+00
    2      0.0000000000E+00   0.0000000000E+00   0.0000000000E+00   0.0000000000E+00   0.0000000000E+00
    3      0.0000000000E+00   0.0000000000E+00   0.0000000000E+00   0.0000000000E+00   0.0000000000E+00
    4      0.0000000000E+00   0.0000000000E+00   0.0000000000E+00   0.0000000000E+00   0.0000000000E+00
    5      0.0000000000E+00   0.0000000000E+00   0.0000000000E+00   0.0000000000E+00   0.0000000000E+00
    6      0.0000000000E+00   0.0000000000E+00   0.0000000000E+00   0.0000000000E+00   0.0000000000E+00
    7      0.0000000000E+00   0.0000000000E+00   0.0000000000E+00   0.0000000000E+00   0.0000000000E+00
    8      0.0000000000E+00   0.0000000000E+00   0.0000000000E+00   0.0000000000E+00   0.0000000000E+00
                    5                  6                  7                  8        
     0      0.0000000000E+00  -5.0227496935E-02  -3.5127481133E-02  -4.9640840822E-02
     1      0.0000000000E+00   4.7680308167E-02   3.3367454586E-02  -4.7461614869E-02
     2      0.0000000000E+00  -1.5185292566E-02  -1.0626914539E-02   1.5115642812E-02
     3      0.0000000000E+00   9.8423278429E-02   6.9254940656E-01   6.9963405820E-01
     4      0.0000000000E+00  -6.6549192168E-01   1.3106768910E-01   8.6658990899E-02
     5      0.0000000000E+00   2.1194681661E-01  -4.1742624604E-02  -2.7599279049E-02
     6      0.0000000000E+00   6.9878874881E-01  -1.3500518964E-01   8.8266549250E-02
     7      0.0000000000E+00  -9.1291064782E-02  -6.6067672275E-01   6.6665289034E-01
     8      0.0000000000E+00   2.9074508548E-02   2.1041326518E-01  -2.1231656356E-01

#
# The atoms: label  mass x y z (in bohrs)
#
$atoms
3
 O     15.99900     -7.435382241766    -0.117838702333     0.037529438028
 H      1.00800     -5.632182468244     0.105480194515    -0.033593482827
 H      1.00800     -7.663014438026    -1.836833000531     0.584997194436

$actual_temperature
  0.000000

$frequency_scale_factor
  1.000000

$dipole_derivatives
9
   -4.5837611652E-01   -6.7099689924E-02    2.1370004964E-02
   -6.7142219453E-02   -4.8538362898E-01   -8.3966521511E-02
    2.1471480247E-02   -8.3389989012E-02   -7.2041832126E-01
    1.5521820468E-01    2.3601684456E-02   -7.5166981416E-03
    4.3094994722E-02    3.0985436261E-01    2.0428615902E-02
   -1.3763339688E-02    2.0315737393E-02    3.6702443805E-01
    3.0310755723E-01    4.3595256337E-02   -1.3884279418E-02
    2.4132619616E-02    1.7553632721E-01    6.3164389499E-02
   -7.4885113828E-03    6.3296853849E-02    3.5400958196E-01

#
# The IR spectrum
#  wavenumber T**2 TX TY  TY
#
$ir_spectrum
9
      0.00       0.0000       0.0000       0.0000       0.0000
      0.00       0.0000       0.0000       0.0000       0.0000
      0.00       0.0000       0.0000       0.0000       0.0000
      0.00       0.0000       0.0000       0.0000       0.0000
      0.00       0.0000       0.0000       0.0000       0.0000
      0.00       0.0000       0.0000       0.0000       0.0000
   1613.48      81.0096       6.3765      -6.0537       1.9241
   3818.47       8.8264       2.1049      -1.9972       0.6380
   3945.55      60.8141       5.5050       5.2629      -1.6767

$job_list
9
    0    1    1    1
    1    1    1    1
    2    1    1    1


$end

