
$orca_opt_file

$trust
    0.300000000000

$epredict
    0.000000000000

$ediffsc
  1000.000000000000

$ctyp
  3

$coordinates
 5 9
  -7.55890454   0.00000000   0.00000000  -5.61938412   0.00000000   0.00000000
  -7.55229049  -1.84919151   0.58893315
  -7.48519351  -0.07064407   0.02249882  -5.65903786   0.03234052  -0.01029985
  -7.58634778  -1.81088796   0.57673418
  -7.44001994  -0.11357329   0.03617098  -5.64618654   0.08767331  -0.02792232
  -7.64437267  -1.82329152   0.58068449
  -7.43183524  -0.12121093   0.03860343  -5.63350493   0.10758557  -0.03426400
  -7.66523897  -1.83556614   0.58459372
  -7.43103611  -0.12201577   0.03885976  -5.63385306   0.10801937  -0.03440216
  -7.66568997  -1.83519511   0.58447556

# redundant internal coordinates
#  nbonds nangles ndihedrals nimpropers ncartesians
# bond  definitions A B
# angle definitions A B C
# dihedral definitions A B C D
# improper torsion definitions A B C D
# cartesian definitions A x/y/z
$redundant_internals
 2 1 0 0 0
   1   0   0
   2   0   0
   1   0   2   0   0
$energies
 5
 -76.3660544698928163
 -76.3755430197698928
 -76.3772011827488058
 -76.3773259261717072
 -76.3773265088452575

$gradients
 5 9
  -0.0656181020927615   0.0628117434291731  -0.0199223702853817   0.0465179998904397
  -0.0180828543417946   0.0057571766710713   0.0191001022000456  -0.0447288890873487
   0.0141651936142942
  -0.0170338457288299   0.0161882111293595  -0.0050764568887030   0.0042926177828964
  -0.0121578762911604   0.0038763706109275   0.0127412279464484  -0.0040303348380504
   0.0012000862777993
   0.0008737868086462  -0.0009077842922919   0.0003674414564774  -0.0045341681663452
  -0.0035295762186176   0.0011223623478546   0.0036603813571101   0.0044373605108112
  -0.0014898038042920
  -0.0005099783937112   0.0005652948924313  -0.0001020264398241   0.0004966502532217
  -0.0000513645379480   0.0000128553012947   0.0000133281400133  -0.0005139303546656
   0.0000891711385035
   0.0000039257080597   0.0000193295180734   0.0000717108059660   0.0000142907590821
  -0.0000163637955575   0.0000017860924960  -0.0000182164672457  -0.0000029657225558
  -0.0000734968984356

$redundant_coords
 5 3
   1.9395204175500762   1.9407202876339773   1.5673882858142951
   1.8293512598953041   1.8291686127959230   1.6852414482829903
   1.8062243528291448   1.8059322870055579   1.8013962505666470
   1.8142903323380744   1.8142757494719837   1.8325408876123759
   1.8133257830167486   1.8132133022951376   1.8341064836450531

$redundant_gradients
 5 3
   0.0465116376298302   0.0469894106603634  -0.0367820742726790
   0.0035219585411537   0.0035026522257722  -0.0237313984348621
  -0.0049451822565327  -0.0050553103689419  -0.0056488725749521
   0.0004770739619995   0.0005189600804700  -0.0001794388100549
   0.0000037975485907  -0.0000087380085523   0.0000024404234874

$hessian_approx
 9 9
                  0          1          2          3          4          5    
      0       0.420594  -0.022963   0.007257  -0.411856   0.010935  -0.003451
      1      -0.022963   0.399925  -0.127310   0.013586  -0.010425   0.003284
      2       0.007257  -0.127310   0.040527  -0.004280   0.003311  -0.001043
      3      -0.411856   0.013586  -0.004280   0.458643   0.042086  -0.013460
      4       0.010935  -0.010425   0.003311   0.042086   0.050651  -0.016156
      5      -0.003451   0.003284  -0.001043  -0.013460  -0.016156   0.005153
      6      -0.008738   0.009378  -0.002978  -0.046787  -0.053021   0.016912
      7       0.012029  -0.389499   0.123998  -0.055672  -0.040224   0.012871
      8      -0.003806   0.124025  -0.039483   0.017740   0.012845  -0.004110
                   6          7          8    
      0      -0.008738   0.012029  -0.003806
      1       0.009378  -0.389499   0.124025
      2      -0.002978   0.123998  -0.039483
      3      -0.046787  -0.055672   0.017740
      4      -0.053021  -0.040224   0.012845
      5       0.016912   0.012871  -0.004110
      6       0.055523   0.043643  -0.013935
      7       0.043643   0.429724  -0.136870
      8      -0.013935  -0.136870   0.043594

$bmatrix
 3 9
                  0          1          2          3          4          5    
      0      -0.991098  -0.126858   0.040402   0.991098   0.126858  -0.040402
      1       0.129413   0.944831  -0.300911   0.000000   0.000000   0.000000
      2       0.620290  -0.588796   0.187521  -0.073421   0.520789  -0.165862
                   6          7          8    
      0       0.000000   0.000000   0.000000
      1      -0.129413  -0.944831   0.300911
      2      -0.546869   0.068007  -0.021659

