
$orca_opt_file

$trust
    0.300000000000

$epredict
    0.000000000000

$ediffsc
  1000.000000000000

$ctyp
  3

$coordinates
 5 9
  -7.55890454   0.00000000   0.00000000  -5.61938412   0.00000000   0.00000000
  -7.55229049  -1.84919151   0.58893315
  -7.49469255  -0.06160236   0.01961921  -5.64087028   0.04066456  -0.01295091
  -7.59501632  -1.82825372   0.58226485
  -7.44718788  -0.10679850   0.03401334  -5.63065636   0.09570007  -0.03047870
  -7.65273491  -1.83809308   0.58539851
  -7.44213379  -0.11144583   0.03549343  -5.62084279   0.10988487  -0.03499629
  -7.66760257  -1.84763055   0.58843601
  -7.44153625  -0.11204667   0.03568478  -5.62070835   0.11058651  -0.03521975
  -7.66833455  -1.84773135   0.58846811

# redundant internal coordinates
#  nbonds nangles ndihedrals nimpropers ncartesians
# bond  definitions A B
# angle definitions A B C
# dihedral definitions A B C D
# improper torsion definitions A B C D
# cartesian definitions A x/y/z
$redundant_internals
 2 1 0 0 0
   1   0   0
   2   0   0
   1   0   2   0   0
$energies
 5
 -76.4562632624216718
 -76.4630149101857484
 -76.4645137464174667
 -76.4645843686303976
 -76.4645844941585580

$gradients
 5 9
  -0.0528351352127621   0.0506822718818780  -0.0160320092242747   0.0344787311411665
  -0.0174191888429531   0.0055510862351756   0.0183564040691372  -0.0332630830389192
   0.0104809229890899
  -0.0172266857856666   0.0164148232828511  -0.0051236954920191   0.0061244670331970
  -0.0105959289038094   0.0033806575579962   0.0111022187508098  -0.0058188943790407
   0.0017430379340213
   0.0012703831080796  -0.0012957985659526   0.0005186707098563  -0.0038474910898798
  -0.0024987555763234   0.0007941659795000   0.0025771079818121   0.0037945541422499
  -0.0013128366893518
  -0.0002032622655196   0.0002717332604394   0.0000202825379302   0.0001241841444113
  -0.0001202713879334   0.0000344287470800   0.0000790781202613  -0.0001514618725276
  -0.0000547112850271
   0.0000033299808768   0.0000369273297846   0.0000950075261937   0.0000171662942970
  -0.0000214992728273   0.0000029701927823  -0.0000204962761378  -0.0000154280569715
  -0.0000979777189672

$redundant_coords
 5 3
   1.9395204175500762   1.9407202876339773   1.5673882858142951
   1.8569265829657848   1.8567961712469261   1.6826842805735835
   1.8289209037716256   1.8285666820905553   1.7999061840747965
   1.8360438362703504   1.8360062746223282   1.8207645525755147
   1.8357579422978201   1.8356492527319295   1.8222890057816132

$redundant_gradients
 5 3
   0.0344703216498124   0.0349458366132315  -0.0354263592520281
   0.0054609789395903   0.0054751130170953  -0.0212347962795679
  -0.0041365735017209  -0.0042677806547446  -0.0039012987688388
   0.0000975379235106   0.0001268671480668  -0.0002147388684844
   0.0000044865688405  -0.0000025659177615  -0.0000011016080599

$hessian_approx
 9 9
                  0          1          2          3          4          5    
      0       0.404801  -0.006632   0.002067  -0.397080   0.009959  -0.003141
      1      -0.006632   0.383797  -0.122183  -0.004437  -0.012199   0.003846
      2       0.002067  -0.122183   0.038896   0.001453   0.003881  -0.001223
      3      -0.397080  -0.004437   0.001453   0.441448   0.040693  -0.013012
      4       0.009959  -0.012199   0.003881   0.040693   0.049275  -0.015714
      5      -0.003141   0.003846  -0.001223  -0.013012  -0.015714   0.005011
      6      -0.007720   0.011070  -0.003521  -0.044367  -0.050651   0.016154
      7      -0.003327  -0.371597   0.118300  -0.036256  -0.037075   0.011868
      8       0.001073   0.118335  -0.037673   0.011559   0.011833  -0.003788
                   6          7          8    
      0      -0.007720  -0.003327   0.001073
      1       0.011070  -0.371597   0.118335
      2      -0.003521   0.118300  -0.037673
      3      -0.044367  -0.036256   0.011559
      4      -0.050651  -0.037075   0.011833
      5       0.016154   0.011868  -0.003788
      6       0.052089   0.039582  -0.012632
      7       0.039582   0.408673  -0.130168
      8      -0.012632  -0.130168   0.041461

$bmatrix
 3 9
                  0          1          2          3          4          5    
      0      -0.991867  -0.121276   0.038624   0.991867   0.121276  -0.038624
      1       0.123552   0.945543  -0.301138   0.000000   0.000000   0.000000
      2       0.609925  -0.578958   0.184387  -0.069333   0.514825  -0.163962
                   6          7          8    
      0       0.000000   0.000000   0.000000
      1      -0.123552  -0.945543   0.301138
      2      -0.540592   0.064133  -0.020425

