
$orca_hessian_file

$act_atom
  0

$act_coord
  0

$act_energy
        0.000000

$hessian
9
                    0                  1                  2                  3                  4        
    0      6.6056736032E-01   1.3618501069E-01  -4.3371526538E-02  -5.9807410238E-01  -3.8211782744E-02
    1      1.3618501069E-01   6.0069550634E-01  -1.9130509902E-01  -9.9883203030E-02  -5.7223459416E-02
    2     -4.3371526538E-02  -1.9130509902E-01   6.0934904122E-02   3.1810032556E-02   1.8223470291E-02
    3     -5.9807410238E-01  -9.9883203030E-02   3.1810032556E-02   6.0558982159E-01   9.2965831252E-02
    4     -3.8211782744E-02  -5.7223459416E-02   1.8223470291E-02   9.2965831252E-02   6.4216654284E-02
    5      1.2169501267E-02   1.8222532722E-02  -5.8060195239E-03  -2.9607874554E-02  -2.0450742473E-02
    6     -6.2485778539E-02  -3.6291908633E-02   1.1558341327E-02  -7.5211370688E-03  -5.4754465121E-02
    7     -9.7972154996E-02  -5.4347192326E-01   1.7308148707E-01   6.9169693836E-03  -6.9937479768E-03
    8      3.1201938076E-02   1.7308253570E-01  -5.5128120113E-02  -2.2019774429E-03   2.2275398197E-03
                    5                  6                  7                  8        
     0      1.2169501267E-02  -6.2485778539E-02  -9.7972154996E-02   3.1201938076E-02
     1      1.8222532722E-02  -3.6291908633E-02  -5.4347192326E-01   1.7308253570E-01
     2     -5.8060195239E-03   1.1558341327E-02   1.7308148707E-01  -5.5128120113E-02
     3     -2.9607874554E-02  -7.5211370688E-03   6.9169693836E-03  -2.2019774429E-03
     4     -2.0450742473E-02  -5.4754465121E-02  -6.9937479768E-03   2.2275398197E-03
     5      6.5141679248E-03   1.7438505970E-02   2.2275412405E-03  -7.0882364119E-04
     6      1.7438505970E-02   7.0004854057E-02   9.1045703201E-02  -2.8996940661E-02
     7      2.2275412405E-03   9.1045703201E-02   5.5046610069E-01  -1.7530926535E-01
     8     -7.0882364119E-04  -2.8996940661E-02  -1.7530926535E-01   5.5836854508E-02

$vibrational_frequencies
9
    0        0.000000
    1        0.000000
    2        0.000000
    3        0.000000
    4        0.000000
    5        0.000000
    6     1734.483672
    7     4110.015920
    8     4211.962727

$normal_modes
9 9
                    0                  1                  2                  3                  4        
    0      0.0000000000E+00   0.0000000000E+00   0.0000000000E+00   0.0000000000E+00   0.0000000000E+00
    1      0.0000000000E+00   0.0000000000E+00   0.0000000000E+00   0.0000000000E+00   0.0000000000E+00
    2      0.0000000000E+00   0.0000000000E+00   0.0000000000E+00   0.0000000000E+00   0.0000000000E+00
    3      0.0000000000E+00   0.0000000000E+00   0.0000000000E+00   0.0000000000E+00   0.0000000000E+00
    4      0.0000000000E+00   0.0000000000E+00   0.0000000000E+00   0.0000000000E+00   0.0000000000E+00
    5      0.0000000000E+00   0.0000000000E+00   0.0000000000E+00   0.0000000000E+00   0.0000000000E+00
    6      0.0000000000E+00   0.0000000000E+00   0.0000000000E+00   0.0000000000E+00   0.0000000000E+00
    7      0.0000000000E+00   0.0000000000E+00   0.0000000000E+00   0.0000000000E+00   0.0000000000E+00
    8      0.0000000000E+00   0.0000000000E+00   0.0000000000E+00   0.0000000000E+00   0.0000000000E+00
                    5                  6                  7                  8        
     0      0.0000000000E+00  -5.0329545552E-02  -3.4989166578E-02  -5.0271982334E-02
     1      0.0000000000E+00   4.7776005065E-02   3.3242102922E-02  -4.8062234748E-02
     2      0.0000000000E+00  -1.5215770250E-02  -1.0586992362E-02   1.5306929088E-02
     3      0.0000000000E+00   1.0030916308E-01   6.9215526427E-01   6.9801943447E-01
     4      0.0000000000E+00  -6.6522927508E-01   1.3276908010E-01   9.7770652358E-02
     5      0.0000000000E+00   2.1186316854E-01  -4.2284486037E-02  -3.1138136843E-02
     6      0.0000000000E+00   6.9852258224E-01  -1.3680637926E-01   9.9898666085E-02
     7      0.0000000000E+00  -9.3072614837E-02  -6.6038852916E-01   6.6507428190E-01
     8      0.0000000000E+00   2.9641899151E-02   2.1032148088E-01  -2.1181380609E-01

#
# The atoms: label  mass x y z (in bohrs)
#
$atoms
3
 O     15.99900     -7.413200471574    -0.138897858368     0.044236388085
 H      1.00800     -5.651907944797     0.107756158281    -0.034318335014
 H      1.00800     -7.665470731665    -1.818049808261     0.579015096566

$actual_temperature
  0.000000

$frequency_scale_factor
  1.000000

$dipole_derivatives
9
   -5.0982172957E-01   -5.2249281818E-02    1.6640425799E-02
   -5.2270750555E-02   -5.3504984849E-01   -7.7982182705E-02
    1.6664821136E-02   -7.7953532893E-02   -7.5497829962E-01
    1.8676096065E-01    1.4387354335E-02   -4.5821051098E-03
    3.7398385603E-02    3.2941086406E-01    1.9266880054E-02
   -1.1912105594E-02    1.9266745755E-02    3.8375687010E-01
    3.2303112376E-01    3.7801470862E-02   -1.2039066378E-02
    1.4896051513E-02    2.0565440848E-01    5.8702163724E-02
   -4.7555487949E-03    5.8700014153E-02    3.7121974900E-01

#
# The IR spectrum
#  wavenumber T**2 TX TY  TY
#
$ir_spectrum
9
      0.00       0.0000       0.0000       0.0000       0.0000
      0.00       0.0000       0.0000       0.0000       0.0000
      0.00       0.0000       0.0000       0.0000       0.0000
      0.00       0.0000       0.0000       0.0000       0.0000
      0.00       0.0000       0.0000       0.0000       0.0000
      0.00       0.0000       0.0000       0.0000       0.0000
   1734.48     101.8783       7.1492      -6.7891       2.1620
   4110.02      17.0262       2.9215      -2.7767       0.8839
   4211.96      76.5614       6.1768       5.9053      -1.8803


$end

