
$orca_opt_file

$trust
    0.300000000000

$epredict
    0.000000000000

$ediffsc
  1000.000000000000

$ctyp
  3

$coordinates
 5 9
  -7.55890454   0.00000000   0.00000000  -5.61938412   0.00000000   0.00000000
  -7.55229049  -1.84919151   0.58893315
  -7.46659534  -0.08825561   0.02810777  -5.68426026   0.02594292  -0.00826234
  -7.57972354  -1.78687882   0.56908771
  -7.42407291  -0.12860466   0.04095819  -5.66337323   0.08643402  -0.02752763
  -7.64313301  -1.80702088   0.57550259
  -7.41442579  -0.13772224   0.04386198  -5.65087613   0.10757391  -0.03426029
  -7.66527723  -1.81904317   0.57933146
  -7.41300276  -0.13909515   0.04429922  -5.65198614   0.10787096  -0.03435490
  -7.66559024  -1.81796732   0.57898882

# redundant internal coordinates
#  nbonds nangles ndihedrals nimpropers ncartesians
# bond  definitions A B
# angle definitions A B C
# dihedral definitions A B C D
# improper torsion definitions A B C D
# cartesian definitions A x/y/z
$redundant_internals
 2 1 0 0 0
   1   0   0
   2   0   0
   1   0   2   0   0
$energies
 5
 -76.0415234354769041
 -76.0573929220828404
 -76.0594331606979495
 -76.0595761617025090
 -76.0595787804854808

$gradients
 5 9
  -0.0890052998948483   0.0849228148354562  -0.0270464374543734   0.0664393453584053
  -0.0212980227062274   0.0067830243769588   0.0225659545341047  -0.0636247921293385
   0.0202634130774130
  -0.0157313120114515   0.0148800944690599  -0.0047390337957559  -0.0002274167617293
  -0.0152032469045929   0.0048419516388124   0.0159587287705718   0.0003231524354930
  -0.0001029178430590
  -0.0005144688196501   0.0004522152243482  -0.0001440222067088  -0.0037872184128225
  -0.0041083172859779   0.0013084226987510   0.0043016872300725   0.0036561020614370
  -0.0011644004920299
  -0.0011436607818931   0.0011069625055780  -0.0003525470486805   0.0011959828287136
   0.0000514616028583  -0.0000163895849320  -0.0000523220457514  -0.0011584241084779
   0.0003689366336889
   0.0001431277532884  -0.0001459423713603   0.0000464798987811  -0.0001317349161969
   0.0000116479656881  -0.0000037096694354  -0.0000113928380920   0.0001342944059304
  -0.0000427702293947

$redundant_coords
 5 3
   1.9395204175500762   1.9407202876339773   1.5673882858142951
   1.7863601033769183   1.7862749161340825   1.7013129778111364
   1.7751043156292765   1.7750509954795815   1.8220041515961398
   1.7822403557196078   1.7822721650123503   1.8569655641263390
   1.7799882770207029   1.7799733614172726   1.8593142286013560

$redundant_gradients
 5 3
   0.0664393459778652   0.0668501652699890  -0.0433523053717232
  -0.0012974000572955  -0.0013491612803970  -0.0284110834922290
  -0.0043046538170091  -0.0043385869013742  -0.0067368005745950
   0.0011912424959843   0.0012110161898467  -0.0002126462512439
  -0.0001285510465259  -0.0001378974773864   0.0000556726008362

$hessian_approx
 9 9
                  0          1          2          3          4          5    
      0       0.458867  -0.053234   0.016953  -0.447302   0.011544  -0.003677
      1      -0.053234   0.421453  -0.134226   0.041279  -0.010639   0.003388
      2       0.016953  -0.134226   0.042748  -0.013148   0.003389  -0.001080
      3      -0.447302   0.041279  -0.013148   0.499173   0.048972  -0.015597
      4       0.011544  -0.010639   0.003389   0.048972   0.057731  -0.018386
      5      -0.003677   0.003388  -0.001080  -0.015597  -0.018386   0.005855
      6      -0.011565   0.011955  -0.003808  -0.051872  -0.060515   0.019274
      7       0.041690  -0.410812   0.130835  -0.090251  -0.047090   0.014998
      8      -0.013279   0.130836  -0.041667   0.028744   0.014998  -0.004776
                   6          7          8    
      0      -0.011565   0.041690  -0.013279
      1       0.011955  -0.410812   0.130836
      2      -0.003808   0.130835  -0.041667
      3      -0.051872  -0.090251   0.028744
      4      -0.060515  -0.047090   0.014998
      5       0.019274   0.014998  -0.004776
      6       0.063437   0.048560  -0.015465
      7       0.048560   0.457904  -0.145833
      8      -0.015465  -0.145833   0.046445

$bmatrix
 3 9
                  0          1          2          3          4          5    
      0      -0.989342  -0.138746   0.044188   0.989342   0.138746  -0.044188
      1       0.141905   0.943201  -0.300392   0.000000   0.000000   0.000000
      2       0.637926  -0.605567   0.192862  -0.081805   0.529603  -0.168669
                   6          7          8    
      0       0.000000   0.000000   0.000000
      1      -0.141905  -0.943201   0.300392
      2      -0.556121   0.075964  -0.024193

